INFERRED FIRST-ORDER PARAMETERS
Generated 2026-08-15 from mu2e-dabs-v2-functions.csv

These are estimates derived from rounded Twiss/phase/dispersion samples.
They are not recovered historical settings or control-system values.

QUADRUPOLES
name                         length_m        inferred_K1_m^-2   x_plane_estimate   y_plane_estimate
Q_DQ303                          0.762000          0.3264275296       0.3264116836       0.3264433756
Q_DQ302                          0.666800         -0.3661187943      -0.3661010696      -0.3661365190
Q_DQX301                         0.609600         -0.0000015028      -0.0000018811      -0.0000011245
Q_DQ301                          0.666800          0.3610171108       0.3609910726       0.3610431491
Q_DQ202                          0.666800         -0.3685648366      -0.3685692963      -0.3685603770
Q_DQ203                          0.666800          0.3360332845       0.3360579113       0.3360086577
Q_DQ204                          0.666800         -0.3678771779      -0.3678368431      -0.3679175127
Q_DQ205                          0.609600          0.3763955653       0.3767326852       0.3760584455
Q_DQ901                          0.422900         -0.4480740712      -0.4480863387      -0.4480618037
Q_DQ902                          0.793800          0.2531447572       0.2531405578       0.2531489566
Q_DQ903                          0.793800         -0.3099634202      -0.3099720782      -0.3099547621
Q_DQ904                          0.793800          0.2337835011       0.2337946851       0.2337723170
Q_DQ905                          0.422900          0.0316668409       0.0316685427       0.0316651391
Q_DQ906                          0.666800         -0.3235244659      -0.3235269486      -0.3235219831
Q_DQ907                          0.793800          0.2076167633       0.2075996420       0.2076338846
Q_DQ908                          0.422900         -0.3180027417      -0.3179493009      -0.3180561825
Q_DQ909                          0.422900         -0.1821174680      -0.1821397385      -0.1820951976
Q_DQ910                          0.666800          0.3029859177       0.3030040104       0.3029678249
Q_DQ911                          0.666800         -0.2411885346      -0.2411914317      -0.2411856375
Q_DQ912                          0.422900          0.2640553385       0.2640325385       0.2640781384
Q_DQ913                          0.793800          0.4434337098       0.4433320635       0.4435353560
Q_DQ914                          0.793800         -0.3764627175      -0.3762958931      -0.3766295419
Q_DQ915                          0.793800         -0.3749293718      -0.3747032249      -0.3751555186
Q_DQ916                          0.793800          0.4420960203       0.4419549764       0.4422370642
Q_DQ917                          0.422900          0.2627851103       0.2627606822       0.2628095383
Q_DQ918                          0.666800         -0.2458565998      -0.2458517457      -0.2458614538
Q_DQ919                          0.422900          0.3486437841       0.3486646048       0.3486229634
Q_DQ920                          0.422900         -0.3417711825      -0.3417160782      -0.3418262867
Q_DQ921                          0.422900          0.3347972476       0.3348064345       0.3347880608
Q_DQ922                          0.422900         -0.3443201670      -0.3443873527      -0.3442529814
Q_DQ923                          0.422900          0.3486641842       0.3486661137       0.3486622547
Q_DQ924                          0.422900         -0.1639455107      -0.1639335708      -0.1639574507
Q_DQ925                          0.422900         -0.0816049377      -0.0815992189      -0.0816106565
Q_DQ926                          0.422900          0.2487312012       0.2487146970       0.2487477054
Q_DQ927                          0.422900         -0.0751512767      -0.0751399291      -0.0751626243
Q_DQ928                          0.605800         -0.2198878742      -0.2198508972      -0.2199248512
Q_DQ929                          0.422900          0.2041503541       0.2041217060       0.2041790022
Q_DQ930                          0.422900          0.2345549951       0.2343459861       0.2347640041
Q_DQ931                          0.422900         -0.2853884562      -0.2852686903      -0.2855082221
Q_DQ932                          0.422900         -0.1681323217      -0.1681327213      -0.1681319220
Q_DQ933                          0.605800          0.3307470557       0.3307259965       0.3307681149
Q_DQDA01                         3.048000         -0.0665381337      -0.0665313528      -0.0665449146
Q_DQDA02                         3.048000          0.1130198610       0.1130211318       0.1130185902

DIPOLES
name                         length_m        inferred_angle_rad  inferred_tilt_rad   R26_x             R46_y
D_DISEP                          1.879600         -0.0000000031       0.0000000000     -3.1371300e-9      0.0000000e+0
D_DKK3IA                         0.952500         -0.0000000703       0.0000000000     -7.0332120e-8      0.0000000e+0
D_DKK3IB                         0.952500          0.0000000456       0.0000000000      4.5629383e-8      0.0000000e+0
D_DESSA                          1.250000         -0.0008330542       0.0000000000     -8.3305409e-4      0.0000000e+0
D_DESSB                          1.750000         -0.0011660929       0.0000000000     -1.1660927e-3      0.0000000e+0
D_DELAM                          1.479600         -0.0400025763       1.5952022928      9.7594426e-4     -3.9979998e-2
D_DECMAG                         2.170000         -0.0572002030       1.5809777197      5.8205016e-4     -5.7166053e-2
D_DV901                          3.048000          0.1106990929       1.5707972142     -9.8036274e-8      1.1047314e-1
D_DV906                          1.506500         -0.0671314304       1.5707978455      1.0187531e-7     -6.7081019e-2
D_DV907                          1.506500          0.0671334284       1.5707962211      7.0910944e-9      6.7083012e-2
D_DH910                          3.048000         -0.1085407535      -0.0000000302     -1.0832776e-1      3.2747546e-9
D_DH911                          3.048000         -0.1085241658      -0.0000000238     -1.0831127e-1      2.5770223e-9
D_DH912                          3.048000         -0.1383490894       0.0000000372     -1.3790817e-1     -5.1370376e-9
D_DH916                          3.048000         -0.1383267784       0.0000000461     -1.3788607e-1     -6.3502211e-9
D_DH917                          3.048000         -0.1085221842       0.0000000377     -1.0830930e-1     -4.0873613e-9
D_DH918                          3.048000         -0.1085415661       0.0000000758     -1.0832857e-1     -8.2151957e-9
D_DAC929A                        1.040400          0.0000000180       1.6352895055     -1.1577572e-9      1.7926726e-8
D_DAC929B                        1.040400          0.0000000119       1.5793161131    -1.0168342e-10      1.1934684e-8
D_DAC929C                        1.040400          0.0000000052       1.4381009478     6.8866553e-10      5.1593263e-9
D_DAC929D                        1.040400         -0.0000000104       1.6903255581      1.2394072e-9     -1.0319643e-8
D_DAC929E                        1.040400         -0.0000000120       1.6918826268      1.4482467e-9     -1.1901939e-8
D_DAC929F                        1.040400         -0.0000000041       1.9136961019      1.3908289e-9     -3.8958479e-9
D_DHDA01                         1.524000         -0.0872992590      -0.0000000501     -8.7188414e-2      4.3721267e-9
